time(s)	X(pixel)	Y(pixel)
0,00000	913,39240	354,98480
0,10000	913,78363	366,13907
0,20000	911,00000	378,00000
0,30000	914,12506	389,33054
0,40000	912,83569	394,84393
0,50000	915,83575	405,94769
0,60000	912,13885	417,94156
0,70000	913,75616	423,43283
0,80000	912,80658	434,49173
0,90000	913,76678	445,78607
1,10000	910,55798	462,65756
1,20000	913,21069	474,28760
1,40000	912,75342	490,72607
1,50000	913,13885	501,94156
1,60000	914,21069	513,28760
1,70000	911,76678	518,78607
1,80000	910,77527	530,01965
1,90000	907,76727	541,33264
2,10000	909,89294	557,61121
2,30000	912,32898	579,88605
2,40000	911,99469	585,26337
