time(s)	X(pixel)	Y(pixel)
0,00000	908,23883	360,68164
0,10000	909,07880	373,33081
0,20000	908,34399	378,79602
0,30000	909,46637	390,35513
0,40000	907,87646	400,15601
0,50000	905,87646	405,15601
0,60000	910,35565	418,75775
0,70000	908,93817	429,18445
0,80000	908,35400	441,51938
0,90000	906,62134	445,46143
1,00000	907,48981	457,61075
1,10000	906,07983	468,04465
1,20000	905,17029	475,15411
1,30000	905,75024	485,30984
1,40000	906,35565	496,75775
1,50000	909,35565	509,75775
1,60000	906,00000	514,00000
1,70000	909,07983	527,04462
1,80000	907,75024	538,30981
1,90000	904,35400	542,51941
2,00000	907,35565	554,75775
2,10000	906,87646	566,15601
2,20000	907,07983	571,04462
2,30000	905,19702	585,15112
2,40000	907,07983	594,04462
