time(s)	X(pixel)	Y(pixel)
0,00000	939,00000	333,00000
0,10000	939,36768	337,42056
0,20000	939,32861	351,97247
0,30000	941,86346	360,82306
0,40000	940,32861	368,97247
0,50000	939,07056	380,08664
0,60000	938,67041	392,54901
0,70000	939,73315	403,64148
0,80000	939,49194	410,26520
0,90000	940,04901	423,36337
1,00000	937,43579	434,16858
1,10000	937,89862	441,94247
1,20000	939,67041	450,54901
1,30000	939,86346	461,82306
1,40000	937,54980	469,36084
1,50000	937,67041	480,54901
1,60000	936,86346	491,82306
1,70000	937,52472	501,57953
1,80000	938,54980	509,36084
1,90000	935,86346	520,82306
2,00000	936,32861	533,97247
2,10000	935,68768	542,07440
2,20000	935,93097	549,91211
2,30000	937,04901	563,36334
2,40000	934,29120	567,33905
