time(s)	X(pixel)	Y(pixel)
0,00000	887,00000	321,00000
0,10000	887,88483	355,29758
0,20000	887,80212	372,05518
0,30000	887,83612	406,16614
0,40000	886,97894	441,10831
0,50000	888,23157	458,07117
0,60000	886,81897	489,58881
0,70000	885,80212	523,05518
0,80000	884,88483	555,29755
0,90000	885,82312	573,34369
1,00000	883,86377	605,12085
1,10000	885,09167	639,58643
1,20000	883,88483	654,29755
1,30000	883,89368	688,63538
1,40000	881,80267	719,87720
1,50000	881,85223	752,98889
1,60000	882,59125	771,06616
1,70000	881,80640	801,69922
1,80000	880,81317	833,52136
1,90000	880,93628	848,64978
